# blastn
# Iteration: 0
# Query: example1
# RID: HVJ9R9EY01R
# Database: nt
# Fields: query acc.ver, subject acc.ver, % identity, alignment length, mismatches, gap opens, q. start, q. end, s. start, s. end, evalue, bit score
# 101 hits found
example1	NM_000518.5	99.573	468	2	0	1	468	51	518	0.0	854
example1	XM_003819029.4	99.359	468	3	0	1	468	66	533	0.0	848
example1	XM_508242.5	99.359	468	3	0	1	468	62	529	0.0	848
example1	AY136510.1	99.359	468	3	0	1	468	1	468	0.0	848
example1	V00497.1	99.359	468	3	0	1	468	51	518	0.0	848
example1	AF181989.1	99.359	468	3	0	1	468	34	501	0.0	848
example1	BC007075.1	99.145	468	4	0	1	468	52	519	0.0	843
example1	AF117710.1	99.145	468	4	0	1	468	31	498	0.0	843
example1	XM_019036164.2	98.932	468	5	0	1	468	71	538	0.0	837
example1	AF349114.1	98.932	468	5	0	1	468	36	503	0.0	837
example1	V00500.1	98.504	468	7	0	1	468	1	468	0.0	837
example1	M25113.1	98.504	468	7	0	1	468	1	468	0.0	835
example1	AY509193.1	98.718	468	6	0	1	468	51	518	0.0	832
example1	EU694432.1	98.718	468	3	1	1	468	51	515	0.0	828
example1	LT548096.1	99.550	444	2	0	1	444	1	444	0.0	809
example1	XM_055282707.1	97.863	468	10	0	1	468	61	528	0.0	809
example1	XM_002822127.5	97.863	468	10	0	1	468	82	549	0.0	809
example1	AK311825.1	99.550	444	2	0	1	444	51	494	0.0	809
example1	XM_054440830.1	97.650	468	11	0	1	468	64	531	0.0	804
example1	CR536530.1	99.324	444	3	0	1	444	1	444	0.0	804
example1	DQ893159.2	98.257	459	6	2	1	457	23	481	0.0	802
example1	CR541913.1	99.320	441	3	0	1	441	1	441	0.0	798
example1	AY890157.1	99.099	444	4	0	1	444	1	444	0.0	798
example1	AY894014.1	99.320	441	3	0	1	441	1	441	0.0	798
example1	LT736709.1	99.097	443	4	0	1	443	488	930	0.0	797
example1	KJ896959.1	99.097	443	4	0	1	443	66	508	0.0	797
example1	DQ896453.2	98.039	459	7	2	1	457	23	481	0.0	797
example1	AY892640.1	99.095	442	4	0	1	442	1	442	0.0	795
example1	XM_004090649.3	97.228	469	11	2	1	468	176	643	0.0	793
example1	XM_032166808.2	97.222	468	13	0	1	468	61	528	0.0	793
example1	AM393351.1	99.093	441	4	0	1	441	21	461	0.0	793
example1	KR710229.1	98.871	443	5	0	1	443	66	508	0.0	791
example1	KR710228.1	98.871	443	5	0	1	443	66	508	0.0	791
example1	KR710227.1	98.871	443	5	0	1	443	66	508	0.0	791
example1	KR710226.1	98.871	443	5	0	1	443	66	508	0.0	791
example1	XM_033207068.1	96.588	469	14	2	1	468	171	638	0.0	776
example1	XM_010363344.2	96.588	469	14	2	1	468	171	638	0.0	776
example1	XM_017861621.1	96.588	469	14	2	1	468	171	638	0.0	776
example1	MH382900.1	97.973	444	9	0	1	444	1	444	0.0	771
example1	NM_001329918.1	96.375	469	15	2	1	468	41	508	0.0	771
example1	XM_011963601.1	96.375	469	15	2	1	468	176	643	0.0	771
example1	LT548116.1	97.748	444	10	0	1	444	1	444	0.0	765
example1	XM_023209613.1	95.736	469	18	2	1	468	171	638	0.0	754
example1	XM_011975168.1	95.726	468	20	0	1	468	45	512	0.0	754
example1	XM_011975167.1	95.726	468	20	0	1	468	176	643	0.0	754
example1	AF181832.1	99.513	411	2	0	58	468	1	411	0.0	749
example1	XM_050756508.1	95.309	469	20	2	1	468	171	638	0.0	743
example1	XM_045371387.1	95.309	469	20	2	1	468	51	518	0.0	743
example1	NM_001164428.1	95.680	463	18	2	1	462	10	471	0.0	743
example1	AB171600.1	95.309	469	20	2	1	468	51	518	0.0	743
example1	MH382906.1	96.629	445	13	2	1	444	1	444	0.0	737
example1	MH382898.1	96.629	445	13	2	1	444	1	444	0.0	737
example1	MH382901.1	96.404	445	14	2	1	444	1	444	0.0	732
example1	XM_025358026.1	94.883	469	22	2	1	468	176	643	0.0	732
example1	XM_012456809.1	94.883	469	22	2	1	468	171	638	0.0	732
example1	XM_011718821.1	94.894	470	21	3	1	468	171	639	0.0	732
example1	MH382902.1	95.955	445	16	2	1	444	1	444	0.0	721
example1	NM_001305959.1	95.323	449	19	2	1	448	1	448	0.0	712
example1	LT548128.1	95.281	445	19	2	1	444	1	444	0.0	704
example1	XM_002754891.3	93.817	469	27	2	1	468	167	634	0.0	704
example1	XM_032240524.1	93.603	469	28	2	1	468	101	568	0.0	699
example1	MH382896.1	95.056	445	20	2	1	444	1	444	0.0	699
example1	NM_001168847.1	95.056	445	20	2	1	444	1	444	0.0	699
example1	M25079.1	90.171	468	46	0	1	468	1	468	0.0	695
example1	MH382905.1	94.831	445	21	2	1	444	1	444	0.0	693
example1	MH382904.1	94.831	445	21	2	1	444	1	444	0.0	693
example1	MH382897.1	94.831	445	21	2	1	444	1	444	0.0	693
example1	XM_017507286.1	93.390	469	29	2	1	468	101	568	0.0	693
example1	XM_003923369.2	93.390	469	29	2	1	468	176	643	0.0	693
example1	MH382899.1	94.607	445	22	2	1	444	1	444	0.0	688
example1	MH382895.1	94.607	445	22	2	1	444	1	444	0.0	688
example1	MH382903.1	94.382	445	23	2	1	444	1	444	0.0	682
example1	LT548136.1	93.708	445	26	2	1	444	1	444	0.0	665
example1	XM_003254822.3	93.836	438	25	2	1	437	196	632	0.0	658
example1	LT548122.1	93.836	438	25	2	1	437	1	437	0.0	658
example1	XM_032166807.2	93.836	438	25	2	1	437	124	560	0.0	658
example1	XM_055282701.1	93.836	438	25	2	1	437	124	560	0.0	658
example1	NM_000519.4	93.151	438	28	2	1	437	51	487	3.39e-179	641
example1	XM_023209614.1	93.151	438	28	2	1	437	216	652	3.39e-179	641
example1	LT548097.1	93.151	438	28	2	1	437	1	437	3.39e-179	641
example1	XM_017861624.1	93.151	438	28	2	1	437	45	481	3.39e-179	641
example1	XM_019036165.3	93.151	438	28	2	1	437	205	641	3.39e-179	641
example1	XM_011963602.1	93.151	438	28	2	1	437	196	632	3.39e-179	641
example1	HQ448433.1	93.151	438	28	2	1	437	51	487	3.39e-179	641
example1	AY034468.1	93.151	438	28	2	1	437	196	632	3.39e-179	641
example1	BC070282.1	93.151	438	28	2	1	437	52	488	3.39e-179	641
example1	BC069307.1	93.151	438	28	2	1	437	51	487	3.39e-179	641
example1	XM_010363345.2	92.922	438	29	2	1	437	196	632	1.58e-177	636
example1	LT548109.1	92.922	438	29	2	1	437	1	437	1.58e-177	636
example1	XM_003819031.4	92.922	438	29	2	1	437	52	488	1.58e-177	636
example1	XM_001162045.4	92.922	438	29	2	1	437	186	622	1.58e-177	636
example1	LT548117.1	92.694	438	30	2	1	437	1	437	7.34e-176	630
example1	XM_002822129.5	92.694	438	30	2	1	437	1	437	7.34e-176	630
example1	XM_054440845.1	92.694	438	30	2	1	437	101	537	7.34e-176	630
example1	XM_012456810.1	92.694	438	30	2	1	437	212	648	7.34e-176	630
example1	XM_003923370.3	92.644	435	30	2	1	434	202	635	3.41e-174	625
example1	XM_011975165.1	95.767	378	16	0	91	468	269	646	9.56e-170	610
example1	XM_011975165.1	95.699	93	4	0	1	93	49	141	2.51e-31	150
example1	XM_032240525.1	91.553	438	35	2	1	437	212	648	1.60e-167	603
example1	XM_002754892.5	91.553	438	35	2	1	437	211	647	1.60e-167	603
example1	XM_017507287.2	91.553	438	35	2	1	437	200	636	1.60e-167	603


